11.336925509050841	10.07013285937278	9.610603206316604	9.247730604293153	9.26287294427819	8.921792008807712	8.825010440404974	8.829030034308165	8.584700630272595	8.877619022547782	8.766526399948294	9.101174488151415	8.634701987745974	8.874112126952458	8.942136360150903	8.810349130909094	8.948789167629311	9.095779447904484	9.090279267823071	8.871105153413303
7.75322146465642	7.438667255558036	7.251714381205936	7.232298939056308	7.15379595425282	7.511093720620413	7.784997496274146	7.894327789667262	7.798027149699448	8.412337076493936	8.422288982454182	8.686943906608352	8.917328541912712	9.299895672079975	9.704883614618156	9.607099740587731	10.245545466836333	10.443307920826872	10.737685191548028	10.760360304384019
7.623723026831261	7.448936627489551	7.419985476535382	7.520138000514183	7.7166291051663345	8.400741766250764	8.523754182897916	9.064211237072215	8.991684284174083	9.60189036575178	9.835234535085576	10.114436090698229	10.553660240243854	11.05219028207301	11.023277475307271	11.599595695381877	12.013499768073386	12.821975667127909	12.731942802774975	13.415297925259448
8.665921662973327	8.354516870443183	8.384430860595208	8.311775944833812	8.808833769066759	9.368010572517463	9.309594544694653	9.866930839539632	10.484686369593524	10.590083620071242	11.355643156320411	11.78485574947256	11.720144450209677	12.609849297785875	13.022521985115771	13.473109533011629	13.749843974454095	14.652156115184582	15.256548039703814	15.423895342030729
9.677231196362301	9.489744168823142	9.53970652408465	9.473492850617651	10.05780740719392	10.720470367157318	10.980136348657396	11.169069263264456	12.117159130803136	12.522134495220646	12.563186587513545	13.389960110648161	13.583206616648708	14.53024933678005	14.411062773008103	15.25802301937704	15.756839357351403	17.103543991060235	17.468161081665386	17.167029792823413
10.75838241051868	10.391556435223558	11.001721476702786	11.100474820673004	11.314118461841469	11.704882082152672	12.598058054892547	12.368089512792366	13.538891401856375	14.298535575096452	14.139521603712742	14.358355063096212	17.50330320643429	15.334910774574595	15.839022875668762	16.650432160465503	21.404500346126362	18.356537725428158	19.052935698511085	21.555211839434488
11.160126206126234	11.642997434992953	12.426679692207234	12.685137276085438	12.97600966805203	12.971854722624123	13.68353599187584	14.812050575969948	15.06720591368617	16.075263349908532	18.12395064784055	17.252698095896875	18.361849899560845	17.455040600261867	20.059518357217854	24.75056871396461	19.137858216628285	25.639619379291524	21.897080416306384	22.01686844552956
12.407665590162432	11.7760580499846	12.696551101084111	13.828484027654342	14.441094500810536	15.523019940970284	17.120729159163304	15.827893050344066	17.395000961548163	18.313839184893425	24.06439472254578	24.265746255836	24.421629546363917	20.36468501623092	22.47170646021506	22.265639974134416	25.927199264097474	21.981332405898875	26.995188127181102	26.671302718016534
12.651081773669157	14.076781560175968	14.410822693304668	14.772866366713659	14.645891998143275	16.611532467646214	20.782226485011368	17.176904474591414	21.36675211554892	18.756954622236314	22.847878276603925	24.978315466002428	25.983978561057125	26.198776002445236	26.252205158468488	24.690918538594417	23.32155372566507	27.751588327404157	28.132421078246452	31.113690548794608
13.337713879171636	14.783438500438681	14.026824252824996	14.889179286588949	15.792336693287915	17.366900797241875	19.213351340281466	22.00243887537345	23.628924740900256	22.37143745257153	25.50152145133434	25.624251519252635	25.55272917153359	27.310116923753235	26.8100065815626	27.70231738110209	29.23449021085015	28.711469246994895	29.658382728652096	29.490749379978183
14.028927141086026	14.017448645075634	16.879941213606454	16.16396051731709	18.21317409194955	17.93139140080165	24.555096993851137	20.58006404753369	22.91587037420123	20.505088470998096	25.84205658729583	26.833754193782678	25.389362812547528	28.49600796285115	29.509856222639925	28.63721605697863	29.945315664699528	30.44660788240998	31.614309709609948	31.579538541047736
14.723760773590783	15.785730745703408	16.75540575180059	16.864923444355732	17.044289396535657	24.44282998369107	24.730384941002477	24.83581561487562	24.076686800519557	27.423261617473166	26.606777523586814	28.447015122756884	28.42841508093537	28.558539086537603	29.05563128863692	30.6372401813599	30.328440087092748	32.61229568240696	33.17700389295049	34.70382732983566
15.300307097376567	16.197996642395502	19.033699007745255	16.884572478702307	24.818546107094296	26.224880112272615	25.989892468368286	21.670071362990114	28.66660128402187	27.536664135258665	26.03942499418516	30.01335642911903	27.71059536451636	29.118829134659695	31.486467595040086	34.60401087526062	34.90901914458598	34.7606209932536	35.83001779296231	34.11923400942903
15.310219275537682	17.278283477314943	24.101478037780893	20.116582779309113	24.96740426478499	21.5087342085261	27.25762464844785	25.739956207885225	27.83115687291612	28.25383747416503	29.89890402158178	27.37504834898813	31.047361216920518	30.508851905662457	35.987200667149644	36.26124687801816	35.823810965015994	36.122066297689344	37.08970526530058	37.42843662664899
17.49368604980958	19.457567196553782	16.873431061047715	21.85950368808463	20.103009542951867	22.387572675550377	27.97951404592939	27.693575358332886	28.728465319046293	27.414855373495186	32.3563315255644	32.03064214863947	32.18422142013696	32.8488713262985	36.65453479807817	40.84301014959566	37.7299007072492	37.86468985389883	41.360762184601924	43.84076444379801
17.975860757481644	17.574149077870494	18.378940514509924	23.535294423608143	26.20444757658303	27.105767406000307	24.008636622722292	24.363604734523822	29.70745703731842	30.78249168171818	27.253137032638637	34.06139722707944	33.33047783102916	35.216452008062795	36.49697542870164	36.17751944025675	50.55485463635324	40.82716540699593	45.21770379346935	57.08164739969217
18.26879518843788	22.491023227107192	18.781877577117385	22.777005949369006	26.13226853549075	26.21060370648742	25.32765696364157	30.146332519343005	27.00947464581532	31.35991613205533	33.65759407773194	33.95582910506202	34.75623015312037	35.28567568878236	36.349167134377055	42.54434089473587	48.588041220058784	40.76131212386176	49.51510221120203	50.72918218062129
19.35326332490792	20.02516900285347	23.737016150965918	27.744345137454452	23.778796043581686	29.175282089328054	30.351372022443098	27.55420900111431	32.53462106068359	29.634860656596235	34.089004503831816	35.680344752805716	35.4682566116791	42.197494355015436	45.11644996083965	41.477306179498655	42.2893589690014	51.91735568189529	49.49137762736632	57.192307886041995
26.216850234102353	23.281253321144966	22.431728658505182	21.342403255477272	24.940806793513417	25.41399682728529	30.277527725341674	31.026764917891526	33.74682312408307	30.10032411281869	31.679594881217934	34.760001912775046	35.3540834531292	37.410414441104365	46.04907563511446	41.708794437672964	44.41360203614636	65.52725068452693	50.74902155502931	63.49796079500471
24.928893344792	25.30180357979807	21.53648523879639	23.786318122562378	26.715738646743418	23.565703119775325	28.09030889385773	30.382567176818878	33.17486564532645	34.21960179185736	38.2553553182548	32.97906250120155	36.74250150124282	40.65442136527692	39.90438403620924	50.48901659062723	52.50345094726019	59.20854236645623	65.93907414324232	68.05167596991087
