48.81730519769891	26.810863608857577	23.55591976399208	21.53236798835158	20.788340352656796	21.448765145274507	23.176828050805085	26.999344706855158	29.687657958047698	34.2564950982663	33.13553809480336	37.010405978023584	48.218746144556256	46.261728486781955	48.46075491159248	51.591469554668166	56.5014643652734	53.53096528965187	58.89882508766825	64.66674148666206
43.816815733110445	25.84319119221086	21.629144082648267	20.58100996482628	18.48970040559143	23.908815834625646	24.217311566383934	25.166949577922924	28.5254722876051	29.58092516086859	32.59408542048391	38.41629465473818	38.32942981659041	44.85273773748226	43.43561931711838	51.967266062835606	47.95087881470372	51.30666054227532	55.70895873590613	54.395431476845204
48.28337218668536	24.984280455382272	21.453079642034794	19.658727301005264	21.30512799478099	21.494470070528926	23.981883347585647	26.623474516630154	27.142783587801464	29.872975094365966	31.265053391055307	37.1689928904803	43.568687341655455	43.18227131297713	49.4566927409621	49.24788357353185	54.72780136319122	65.4560624539616	68.63497631077894	56.494049392956676
41.493707910616635	24.67109819003009	20.686838000270797	20.994627216394864	22.32722438040916	22.162885766100572	25.698747735527416	25.33994284972942	28.05081178994506	30.722513663884243	35.37871550597805	37.3830147862845	41.831600612714354	48.73546804636596	47.856005302980165	53.723652461956576	46.80115477674153	54.334674779097476	66.83576689334129	68.48372789275493
38.99195896460942	24.295633065097178	21.61382171256986	20.8685844263163	20.53478825164624	20.917926739910982	22.736070311624456	25.61043250030997	25.40834361614607	28.99553949829072	41.65980069642743	42.91750908102955	48.919294471861534	49.62815763502647	49.65336723507439	49.71391127873122	46.8656258839291	56.92403503046114	64.7876739104905	62.03231900443787
36.31898944068702	24.660875235926422	21.438072672628664	22.761603428669815	22.566817759851947	21.965464869030292	25.285487355766488	27.570244918552074	28.257370974844857	36.18952821975151	36.04139337488219	41.728268194690465	40.638973161619134	51.97824569002056	50.2288447247894	58.38888933189013	55.91378189477649	56.75145443525364	59.43086509817351	61.5934933612437
40.43578162512068	26.49863235630608	21.51930597915752	23.752984359636148	22.27202161696933	25.668022516969025	23.123100636985928	25.79182692147105	29.00066752824968	35.69710645994053	33.659878812941294	45.03921980598385	43.55790182854027	53.21968324782644	57.767751845893194	49.941551487614284	52.91155937253308	56.285724976055164	57.80958162947066	72.83971766579072
37.31457134964858	25.86156586249933	21.807503772462688	21.018809869994932	30.48564052660246	23.121185473818354	24.68952265199048	25.511346977747408	32.13233722342495	32.010410744058866	34.45652888856173	40.57851677194785	44.791339744545226	48.258696534927985	52.253700286242676	51.824687357629	61.71162662513436	73.76583500469839	68.59384351589324	64.06616951711736
44.32865029158461	25.927404321862884	21.596393360214623	24.571240904635832	23.985887527414395	23.883023797411948	24.913736909235205	30.43414153807602	36.20725720143816	36.748845591809506	46.82417233449384	41.67404837012058	38.61223563937398	49.04897464205337	52.10160564043676	63.726188557527806	61.115416966917415	63.204369512567595	63.19953267065576	78.30596597804671
45.05969409861912	27.68643967802432	23.92135343974677	23.321153338731865	23.037488528712316	22.14039376464418	28.626699869668638	29.335590604838394	27.667118717861854	41.95249662135439	36.193035140079395	44.784066781984166	40.055348420710814	49.844720207661105	49.57785649384546	51.24916657340242	53.632967875318336	71.63320156626436	59.98545540912003	72.896516327969
45.3873466520123	27.407426314560887	23.446795320905302	23.8073823279977	22.108842410209324	22.862161557640864	23.68152117710231	29.438490479758908	36.292843156247635	42.747110479309356	42.38075779981154	50.93894467751228	59.64673068298943	47.87333528215614	64.64351161456675	59.357267125672315	62.641678492311286	57.04091650665498	75.5105941760416	76.85876145005946
45.75658109233455	28.431161336432787	24.649966507036265	23.652968397135318	23.749717237387117	27.221265233881855	26.406312229953407	29.156377876648982	34.18199270306634	37.29245038652747	43.59986849026534	38.79954647857084	54.46610801471571	52.91025712962338	51.00526218001612	66.12242126955874	74.27636482936062	72.0528449768687	79.30462059245762	76.57791806114193
37.910716743380256	26.85836852713271	24.185358436492994	22.629554952194614	23.58145955545721	27.267432134001545	32.47627301962706	29.021098147820847	35.8820759532158	42.759119185377756	42.16595459852954	50.84028457859137	44.56195429132322	49.65798013841084	61.00937229275436	68.56672272896716	68.47253652444113	69.88463745591436	80.3448405070861	82.05043413188135
48.32003030143067	28.275518416106095	23.902719090712246	23.41735195224	28.193195966328304	25.747915666098898	35.29780898068439	32.66627070374737	37.45840562986196	38.50261603017429	40.636528263414654	49.81794645134534	43.62664703655456	54.63255216385648	56.71810909980879	56.591378778461376	84.13594522432923	84.47474960285619	82.73576229295413	81.23750174918784
45.419928639978636	28.2519811885674	25.058459429167822	23.94992063613518	25.232610931438302	28.58301801847806	31.807463057018808	32.12911656883851	39.828929717620625	37.78079311466471	45.56566976236923	54.977970448752785	61.277590248519935	62.5612598593582	60.336587177146995	67.38730488168548	88.7010139093211	79.40175716188887	82.57093300181012	85.17773877319767
51.50652424512963	27.04089364044207	28.157115971555076	26.43273004102653	29.32103679696078	25.604667300064815	28.505495217971927	32.12744705318228	37.587572870036766	50.41130381063475	45.89001644855752	42.40116891535858	59.2037185039519	78.83496687799753	76.08418467142442	86.22527224355676	64.6359989719473	115.75507252227898	86.34324394523186	97.79243654165222
40.693657162693285	29.643071208215872	26.77675572963889	27.562811001752117	26.44263572099766	38.573418994640086	32.100438964538625	36.29963534662488	38.422401017602404	41.62099579773251	60.58629996010018	51.804743573636614	75.57247798384705	91.5893582419006	59.95638911292088	84.51238115238532	86.20692441047355	144.59861086991685	422.0411897645883	93.62091602022957
43.23101501314817	30.37644390703009	26.611364642190473	26.556720679407483	26.68513254596686	29.39967764965299	35.89899217418336	34.418193128773424	41.18298671549369	40.21059498907732	61.52191329205569	75.55367676794994	57.97087073338896	72.65410544601298	72.12369117846133	134.6914635204483	90.7260767417539	121.87029794649843	165.06132773142681	96.5776529817861
42.52542831755652	30.129555283018746	29.009919452094472	28.30964387384678	28.118493411881687	30.8295411319906	40.94314431790131	40.42290893390414	42.709837531837074	57.01612301866463	43.834272349953274	65.1486060901514	56.155151549243456	67.38491356040504	95.54789247342488	69.4164391628614	87.16492132657599	100.6631057732179	103.1516105885239	123.61441641753676
52.644098809110325	30.026029140512637	28.72859736876594	28.389998385422754	30.857377008411394	37.40153717697066	34.991045145524566	39.286084870741206	40.26173129418137	65.00932681671908	129.06411342487766	81.9826473357986	68.30907386607397	74.22543633012315	86.75746878442243	108.22177848448787	299.1249269764808	153.01683775344966	172.01542177031527	148.3589670036574
